tweet_id retweet_count favorite_count
892420643555336193 7247 34703
892177421306343426 5429 30065
891815181378084864 3583 22629
891689557279858688 7456 37975
891327558926688256 8007 36255
891087950875897856 2686 18282
890971913173991426 1731 10646
890729181411237888 16298 58437
890609185150312448 3731 25177
890240255349198849 6297 28698
890006608113172480 6336 27724
889880896479866881 4304 25213
889665388333682689 8624 43207
889638837579907072 3854 24304
889531135344209921 1944 13681
889278841981685760 4595 22700
888917238123831296 3873 26269
888804989199671297 3660 23056
888554962724278272 2972 17783
888078434458587136 2996 19660
887705289381826560 4667 27322
887517139158093824 10155 41782
887473957103951883 15509 61845
887343217045368832 9100 30338
887101392804085760 5149 27663
886983233522544640 6578 31263
886736880519319552 2734 10766
886680336477933568 3861 20277
886366144734445568 2721 19049
886267009285017600 3 105
886258384151887873 5454 25222
886054160059072513 95 0
885984800019947520 5794 29370
885528943205470208 5521 32428
885518971528720385 3215 18474
885311592912609280 15931 0
885167619883638784 3773 19708
884925521741709313 15544 69234
884876753390489601 4816 25057
884562892145688576 4044 21901
884441805382717440 4930 24489
884247878851493888 17505 65186
884162670584377345 2580 18409
883838122936631299 2957 19696
883482846933004288 8544 41302
883360690899218434 3179 20454
883117836046086144 5717 33425
882992080364220416 3337 21541
882762694511734784 4226 25457
882627270321602560 5234 25265
882268110199369728 9997 40317
882045870035918850 4201 26437
881906580714921986 2938 21996
881666595344535552 9237 45739
881633300179243008 8 113
881536004380872706 13831 44633
881268444196462592 4604 21026
880935762899988482 2414 15446
880872448815771648 3303 19215
880465832366813184 5378 25659
880221127280381952 3591 24326
880095782870896641 3760 24943
879862464715927552 3018 20235
879674319642796034 9 285
879492040517615616 2734 21247
879415818425184262 38622 95401
879376492567855104 2715 15227
879130579576475649 5916 0
879050749262655488 4079 20361
879008229531029506 2323 17202
878776093423087618 3558 17555
878604707211726852 6117 27126
878404777348136964 1108 0
878316110768087041 5724 0
878281511006478336 1108 6985
878057613040115712 5916 38074
877736472329191424 16358 71338
877611172832227328 70 0
877556246731214848 3282 20487
877316821321428993 4508 24823
877201837425926144 4813 24492
876838120628539392 2893 18702
876537666061221889 4091 21542
876484053909872640 2061 16997
876120275196170240 4035 25339
875747767867523072 3714 22753
875144289856114688 4263 19869
875097192612077568 5292 24883
875021211251597312 4106 23124
874680097055178752 4042 25223
874434818259525634 12629 0
874296783580663808 3605 23624
874057562936811520 3481 20645
874012996292530176 8875 30946
873580283840344065 3429 21993
873337748698140672 1377 0
873213775632977920 1377 6493
872967104147763200 4709 24703
872820683541237760 3249 13403
872620804844003328 3172 18833
872486979161796608 7956 37045
872122724285648897 7079 31071
871879754684805121 9548 34034
871762521631449091 3059 18375
871515927908634625 3036 18350
871166179821445120 5020 0
871102520638267392 4838 19038
871032628920680449 3334 20688
870804317367881728 5429 30604
870726314365509632 3 109
870656317836468226 2274 11176
870374049280663552 23468 75938
870308999962521604 3647 19977
870063196459192321 7295 33249
869772420881756160 8946 38924
869702957897576449 5540 25710
869596645499047938 2725 14581
869227993411051520 3308 18625
868880397819494401 12668 59577
868639477480148993 1811 0
868622495443632128 4638 24267
868552278524837888 1811 9217
867900495410671616 3689 22142
867774946302451713 6450 31029
867421006826221569 2193 14706
867072653475098625 106 0
867051520902168576 6992 29449
866720684873056260 4254 18292
866686824827068416 3055 17587
866450705531457537 31251 111764
866334964761202691 12629 47862
866094527597207552 7405 0
865718153858494464 5002 23574
865359393868664832 4436 24240
865006731092295680 6869 25712
864873206498414592 7723 29556
864279568663928832 2674 13412
864197398364647424 7831 27414
863907417377173506 3699 18945
863553081350529029 3746 14017
863471782782697472 2149 0
863432100342583297 4692 21910
863427515083354112 83 2012
863079547188785154 990 8085
863062471531167744 2149 7730
862831371563274240 4597 17638
862722525377298433 3186 15748
862457590147678208 4388 18769
862096992088072192 20664 68156
861383897657036800 9593 33189
861288531465048066 3707 15795
861005113778896900 3433 15398
860981674716409858 1915 0
860924035999428608 702 0
860563773140209665 1915 6904
860524505164394496 4755 21839
860276583193509888 3161 17037
860184849394610176 5270 15383
860177593139703809 27708 0
859924526012018688 3694 18138
859851578198683649 3176 14311
859607811541651456 1400 17249
859196978902773760 27160 82887
859074603037188101 12330 31248
858860390427611136 7327 0
858843525470990336 3129 14492
858471635011153920 4405 20025
858107933456039936 2615 14625
857989990357356544 2335 14899
857746408056729600 9638 31688
857393404942143489 1484 5463
857263160327368704 4102 18680
857214891891077121 16 208
857062103051644929 154 0
857029823797047296 3615 17536
856543823941562368 2627 15259
856526610513747968 1713 11111
856330835276025856 609 0
856288084350160898 15 495
856282028240666624 5759 25927
855862651834028034 22 312
855860136149123072 882 4559
855857698524602368 1926 11112
855851453814013952 16605 42979
855818117272018944 4974 24919
855459453768019968 7521 27828
855245323840757760 5454 0
855138241867124737 39 0
854732716440526848 5557 21287
854482394044301312 6240 27347
854365224396361728 4296 17677
854120357044912130 6836 30002
854010172552949760 2899 15253
853760880890318849 5307 26822
853639147608842240 9196 32499
853299958564483072 3273 14552
852936405516943360 1840 0
852912242202992640 1663 8479
852672615818899456 1999 14049
852553447878664193 3225 15325
852311364735569921 9173 31197
852226086759018497 6306 18831
852189679701164033 1468 10832
851861385021730816 19 0
851591660324737024 3237 15375
851464819735769094 6529 22923
851224888060895234 5337 19555
850753642995093505 8399 29003
850380195714523136 2416 12415
850333567704068097 305 3278
850145622816686080 3511 15437
850019790995546112 4527 19317
849776966551130114 7056 28740
849668094696017920 4614 0
849412302885593088 2933 15055
849336543269576704 1750 10830
849051919805034497 7886 40134
848690551926992896 4037 23932
848324959059550208 4314 23495
848213670039564288 672 7765
848212111729840128 2813 15491
847978865427394560 3037 0
847971574464610304 412 0
847962785489326080 4745 22368
847842811428974592 1230 5146
847617282490613760 386 6653
847606175596138505 3191 17862
847251039262605312 4050 19514
847157206088847362 5436 18879
847116187444137987 2974 20427
846874817362120707 3669 19120
846514051647705089 10776 42355
846505985330044928 2867 13454
846153765933735936 8467 29987
846139713627017216 9465 29579
846042936437604353 2674 15232
845812042753855489 8131 27847
845677943972139009 4520 24064
845397057150107648 1670 7285
845306882940190720 5041 22233
845098359547420673 7171 0
844979544864018432 2383 13024
844973813909606400 2967 14333
844580511645339650 2909 15711
844223788422217728 2056 13062
843981021012017153 2787 14520
843856843873095681 4322 20530
843604394117681152 2566 16148
843235543001513987 5624 20552
842846295480000512 3428 14640
842765311967449089 1199 6448
842535590457499648 3301 17373
842163532590374912 5454 23392
842115215311396866 2853 13392
841833993020538882 14078 0
841680585030541313 7390 24706
841439858740625411 3434 12079
841320156043304961 5195 18983
841314665196081154 4374 15181
841077006473256960 5020 21926
840761248237133825 1662 0
840728873075638272 15100 0
840698636975636481 2 170
840696689258311684 913 11788
840632337062862849 1662 8644
840370681858686976 4306 15778
840268004936019968 5407 18461
839990271299457024 2138 12885
839549326359670784 7327 26304
839290600511926273 137 0
839239871831150596 6137 25960
838952994649550848 3787 18874
838921590096166913 1934 10698
838916489579200512 32 0
838831947270979586 10409 0
838561493054533637 1263 10545
838476387338051585 4492 21576
838201503651401729 9503 0
838150277551247360 313 1599
838085839343206401 1 134
838083903487373313 2940 16953
837820167694528512 7405 32751
837482249356513284 421 3722
837471256429613056 2137 12320
837110210464448512 2242 15457
836989968035819520 2183 12295
836753516572119041 4391 18630
836677758902222849 2101 12164
836648853927522308 523 0
836397794269200385 26030 0
836380477523124226 2840 14253
836260088725786625 4108 20529
836001077879255040 4044 18388
835685285446955009 7703 0
835574547218894849 3417 17133
835536468978302976 1598 0
835309094223372289 19851 0
835297930240217089 2833 15889
835264098648616962 1598 7444
835246439529840640 67 2020
835172783151792128 5462 25229
835152434251116546 2849 21562
834931633769889797 1536 10386
834786237630337024 5260 20719
834574053763584002 2386 13155
834477809192075265 10112 0
834458053273591808 1592 9275
834209720923721728 4496 19807
834167344700198914 3485 15266
834089966724603904 2032 9686
834086379323871233 2100 12588
833863086058651648 2287 12969
833826103416520705 3585 17516
833732339549220864 211 0
833722901757046785 3092 20188
833479644947025920 1944 14378
833124694597443584 4614 19535
832998151111966721 2095 12783
832769181346996225 38 0
832757312314028032 3444 16287
832682457690300417 2771 11465
832645525019123713 506 2818
832636094638288896 2648 15328
832397543355072512 2109 11559
832369877331693569 3037 16585
832273440279240704 2230 10957
832215909146226688 5924 0
832215726631055365 8879 0
832088576586297345 2 61
832040443403784192 9134 0
832032802820481025 4439 17237
831939777352105988 5851 23154
831926988323639298 34 325
831911600680497154 6193 26588
831670449226514432 1736 10075
831650051525054464 1840 6881
831552930092285952 2227 8690
831322785565769729 1488 8987
831315979191906304 1064 6314
831309418084069378 2352 11392
831262627380748289 1957 11492
830956169170665475 1424 7715
830583320585068544 15931 64399
830173239259324417 5412 0
830097400375152640 2801 9423
829878982036299777 4774 0
829861396166877184 1850 11860
829501995190984704 10112 30703
829449946868879360 1921 10136
829141528400556032 7001 23557
829011960981237760 15632 51614
828801551087042563 3260 0
828770345708580865 5591 24771
828708714936930305 10701 35312
828650029636317184 1281 9208
828409743546925057 1110 6168
828408677031882754 1230 7440
828381636999917570 2130 12203
828376505180889089 1023 7156
828372645993398273 2797 12199
828361771580813312 169 2114
828046555563323392 2747 11366
828011680017821696 2061 10029
827933404142436356 5010 19404
827653905312006145 2895 15007
827600520311402496 895 7251
827324948884643840 2895 15345
827199976799354881 2123 10250
826958653328592898 4774 20890
826848821049180160 9700 35018
826615380357632002 3801 0
826598799820865537 238 4975
826598365270007810 2251 9702
826476773533745153 4023 17825
826240494070030336 2498 12877
826204788643753985 878 4732
826115272272650244 2968 15161
825876512159186944 1785 10173
825829644528148480 2406 12362
825535076884762624 16884 55365
825147591692263424 4337 17733
825120256414846976 1195 0
825026590719483904 1196 6066
824796380199809024 5273 0
824775126675836928 3356 14468
824663926340194305 1694 10201
824325613288833024 10175 11476
824297048279236611 3691 14606
824025158776213504 574 4685
823939628516474880 2614 10326
823719002937630720 10712 0
823699002998870016 2416 13562
823581115634085888 2514 12622
823333489516937216 22 685
823322678127919110 3848 15254
823269594223824897 9496 0
822975315408461824 3306 16837
822872901745569793 41359 127568
822859134160621569 2182 12834
822647212903690241 6136 0
822610361945911296 2824 14361
822489057087389700 6136 17595
822462944365645825 13650 27061
822244816520155136 9496 33945
822163064745328640 4543 0
821886076407029760 2218 10977
821813639212650496 3224 0
821765923262631936 1603 8154
821522889702862852 1673 7796
821421320206483457 5334 0
821407182352777218 4129 11394
821153421864615936 9 242
821149554670182400 1878 8353
821107785811234820 2045 9313
821044531881721856 2191 12309
820837357901512704 6447 0
820749716845686786 9503 30678
820690176645140481 3096 11899
820494788566847489 542 0
820446719150292993 2468 0
820314633777061888 542 3257
820078625395449857 6019 19211
820013781606658049 1127 0
819952236453363712 1127 5163
819924195358416896 4687 12578
819711362133872643 2985 12987
819588359383371776 1923 9401
819347104292290561 1162 7026
819238181065359361 393 2191
819227688460238848 6447 22391
819015337530290176 35666 0
819015331746349057 18338 0
819006400881917954 18338 44162
819004803107983360 35666 84907
818646164899774465 20122 0
818627210458333184 7277 21794
818614493328580609 2431 9561
818588835076603904 5873 0
818536468981415936 2347 10550
818307523543449600 7738 0
818259473185828864 2165 10694
818145370475810820 2455 11927
817908911860748288 761 4727
817827839487737858 26030 50055
817777686764523521 2588 10493
817536400337801217 2826 11455
817502432452313088 3255 0
817423860136083457 14078 32797
817415592588222464 916 5448
817181837579653120 8136 0
817171292965273600 1946 8537
817120970343411712 2496 11878
817056546584727552 1581 8369
816829038950027264 4527 0
816816676327063552 1954 9747
816697700272001025 2109 9521
816450570814898180 7738 29532
816336735214911488 1872 8371
816091915477250048 2053 8702
816062466425819140 982 0
816014286006976512 5049 0
815990720817401858 982 4809
815966073409433600 8136 21779
815745968457060357 3987 0
815736392542261248 2183 9587
815639385530101762 1590 8015
815390420867969024 3678 10088
814986499976527872 1226 7458
814638523311648768 2607 10998
814578408554463233 5631 0
814530161257443328 1787 8420
814153002265309185 8354 28015
813944609378369540 3062 0
813910438903693312 1793 9077
813812741911748608 13476 35553
813800681631023104 1702 8113
813217897535406080 7061 18159
813202720496779264 1760 9015
813187593374461952 4193 19363
813172488309972993 1860 9040
813157409116065792 2122 7574
813142292504645637 2315 8294
813130366689148928 430 4382
813127251579564032 3008 11521
813112105746448384 2648 10062
813096984823349248 3499 10315
813081950185472002 2689 9674
813066809284972545 1888 7752
813051746834595840 7099 20459
812781120811126785 1835 7347
812709060537683968 1394 6477
812503143955202048 1183 5914
812466873996607488 1856 7786
812372279581671427 3534 13324
811985624773361665 1357 7097
811744202451197953 1534 7367
811647686436880384 713 5464
811627233043480576 2965 12422
811386762094317568 6173 20423
810984652412424192 1380 5188
810896069567610880 1693 8791
810657578271330305 2537 10698
810284430598270976 10856 34316
810254108431155201 3260 14345
809920764300447744 3801 15203
809808892968534016 4723 0
809448704142938112 1418 6788
809220051211603969 5412 19429
809084759137812480 3414 12911
808838249661788160 2945 9891
808733504066486276 2093 7712
808501579447930884 2519 11046
808344865868283904 20122 41406
808134635716833280 5714 0
808106460588765185 2139 8617
808001312164028416 3427 12237
807621403335917568 3499 14247
807106840509214720 53495 115133
807059379405148160 7103 0
807010152071229440 3750 12832
806629075125202948 33459 72709
806620845233815552 5338 0
806576416489959424 1895 4786
806542213899489280 2288 9990
806242860592926720 11248 0
806219024703037440 1164 6319
805958939288408065 5193 0
805932879469572096 1863 8129
805826884734976000 1767 6428
805823200554876929 7755 0
805520635690676224 1607 5625
805487436403003392 2452 8608
805207613751304193 1672 7677
804738756058218496 3711 13361
804475857670639616 1956 6011
804413760345620481 3126 0
804026241225523202 15572 43358
803773340896923648 2652 9826
803692223237865472 7191 0
803638050916102144 4019 10700
803380650405482500 1821 7586
803321560782307329 5138 0
803276597545603072 2375 9806
802952499103731712 1935 8835
802624713319034886 2812 0
802600418706604034 1414 6957
802572683846291456 2438 8760
802323869084381190 5668 15832
802265048156610565 1339 6792
802239329049477120 2537 8893
802185808107208704 266 0
801958328846974976 1658 7585
801854953262350336 231 1764
801538201127157760 2011 8046
801285448605831168 795 5911
801167903437357056 5714 23874
801127390143516673 3846 0
801115127852503040 2036 7896
800859414831898624 96 673
800855607700029440 1558 0
800751577355128832 2710 10352
800513324630806528 2912 12864
800459316964663297 2115 9293
800443802682937345 4173 0
800388270626521089 2719 10910
800188575492947969 3819 0
800141422401830912 2468 14931
800018252395122689 12724 27671
799774291445383169 4515 0
799757965289017345 2085 8203
799422933579902976 1865 7898
799308762079035393 5272 0
799297110730567681 2663 9658
799063482566066176 2404 7908
798933969379225600 4325 12771
798925684722855936 1404 7357
798705661114773508 6443 0
798701998996647937 7515 0
798697898615730177 6311 0
798694562394996736 4810 0
798686750113755136 2256 0
798682547630837760 4597 0
798673117451325440 5402 0
798665375516884993 3795 0
798644042770751489 1794 0
798628517273620480 1916 0
798585098161549313 5481 0
798576900688019456 5670 0
798340744599797760 3239 0
798209839306514432 2483 10203
797971864723324932 3008 11314
797545162159308800 4730 14252
797236660651966464 6379 19479
797165961484890113 26 221
796904159865868288 8653 0
796865951799083009 1884 7515
796759840936919040 2947 11526
796563435802726400 6990 0
796484825502875648 1703 7384
796387464403357696 4025 10760
796177847564038144 13827 0
796149749086875649 13827 31469
796125600683540480 1743 4871
796116448414461957 2330 8887
796080075804475393 2234 8260
796031486298386433 3617 10567
795464331001561088 22794 48280
795400264262053889 2773 9804
795076730285391872 5273 15822
794983741416415232 3258 0
794926597468000259 2238 9994
794355576146903043 9970 0
794332329137291264 2603 9397
794205286408003585 3219 9046
793962221541933056 4723 16412
793845145112371200 1800 9027
793614319594401792 3033 0
793601777308463104 1563 7815
793500921481273345 2302 10438
793286476301799424 8879 24018
793271401113350145 2330 8518
793256262322548741 8091 19529
793241302385262592 3192 10286
793226087023144960 2796 9575
793210959003287553 2707 8721
793195938047070209 5453 14891
793180763617361921 1934 6779
793165685325201412 2704 9164
793150605191548928 1648 6027
793135492858580992 2435 6267
793120401413079041 3794 12356
792913359805018113 3846 13972
792883833364439040 4128 11035
792773781206999040 1634 7199
792394556390137856 4159 13106
792050063153438720 1727 6969
791821351946420224 20447 0
791784077045166082 9240 0
791780927877898241 3696 0
791774931465953280 21475 43979
791672322847637504 3033 11494
791406955684368384 3987 12833
791312159183634433 2453 8555
791026214425268224 3955 0
790987426131050500 2069 9578
790946055508652032 4527 16307
790723298204217344 2231 0
790698755171364864 1865 8030
790581949425475584 6891 20157
790337589677002753 1836 7651
790277117346975746 3062 12273
790227638568808452 3441 0
789986466051088384 2231 9051
789960241177853952 3976 0
789903600034189313 4000 10090
789628658055020548 1708 7302
789599242079838210 1863 6584
789530877013393408 3258 11445
789314372632018944 2211 8423
789280767834746880 4760 0
789268448748703744 2531 8909
789137962068021249 2694 9486
788908386943430656 12084 26761
788765914992902144 9970 26682
788552643979468800 6897 0
788412144018661376 5100 15167
788178268662984705 2031 7079
788150585577050112 1240 5968
788070120937619456 3329 0
788039637453406209 1272 5987
787810552592695296 2944 8408
787717603741622272 2676 10005
787397959788929025 2763 10632
787322443945877504 1678 7607
787111942498508800 6517 0
786963064373534720 7703 26008
786729988674449408 2354 0
786709082849828864 5924 17824
786664955043049472 2446 10322
786595970293370880 3031 9256
786363235746385920 3350 10607
786286427768250368 2737 7771
786233965241827333 4543 14851
786051337297522688 152 1392
786036967502913536 6744 0
785927819176054784 3084 11121
785872687017132033 1738 6538
785639753186217984 2171 7685
785533386513321988 1910 8854
785515384317313025 1210 5981
785264754247995392 1573 7089
785170936622350336 4664 11700
784826020293709826 3126 9844
784517518371221505 2437 8748
784431430411685888 1228 5586
784183165795655680 7755 19525
784057939640352768 10712 28955
783839966405230592 10409 29172
783821107061198850 1888 7174
783695101801398276 3094 10193
783466772167098368 2153 8227
783391753726550016 5268 16462
783347506784731136 5338 0
783334639985389568 11248 28332
783085703974514689 2109 7950
782969140009107456 7103 23495
782747134529531904 1359 7272
782722598790725632 5193 16789
782598640137187329 1810 7598
782305867769217024 5334 16180
782021823840026624 5964 0
781955203444699136 3230 10854
781661882474196992 2610 10153
781655249211752448 1091 3895
781524693396357120 5338 20194
781308096455073793 2467 6954
781251288990355457 1997 8167
781163403222056960 2650 9540
780931614150983680 6990 21059
780858289093574656 1934 6999
780800785462489090 1245 5339
780601303617732608 3224 11773
780543529827336192 1682 6138
780496263422808064 3532 0
780476555013349377 109 0
780459368902959104 1029 5147
780192070812196864 2155 8465
780092040432480260 2215 0
780074436359819264 4744 11762
779834332596887552 6744 18307
779377524342161408 2991 8518
779124354206535695 17583 0
779056095788752897 4355 14329
778990705243029504 6891 19355
778774459159379968 9488 0
778764940568104960 349 839
778748913645780993 1252 6674
778650543019483137 1431 5590
778624900596654080 972 4474
778408200802557953 4138 13227
778396591732486144 11714 0
778383385161035776 1050 5654
778286810187399168 3169 10058
778039087836069888 2544 8228
778027034220126208 1538 6371
777953400541634568 3376 0
777885040357281792 1566 6179
777684233540206592 2812 10920
777641927919427584 4058 0
777621514455814149 2411 8481
777189768882946048 4135 13777
776819012571455488 13113 0
776813020089548800 1149 4740
776477788987613185 2654 8526
776249906839351296 8754 0
776218204058357768 15201 28916
776201521193218049 2416 9283
776113305656188928 4173 11436
776088319444877312 146 1778
775898661951791106 16076 0
775842724423557120 2550 11343
775733305207554048 3846 13470
775729183532220416 4417 12605
775364825476165632 2834 7163
775350846108426240 3741 9848
775085132600442880 4515 15065
774757898236878852 1710 8360
774639387460112384 1658 6534
774314403806253056 5272 21105
773985732834758656 3704 10414
773922284943896577 1673 6219
773704687002451968 1548 6409
773670353721753600 1258 5192
773547596996571136 5873 21406
773336787167145985 4839 0
773308824254029826 7171 22629
773247561583001600 3122 9174
773191612633579521 3961 9692
772877495989305348 3704 8290
772826264096874500 2269 7792
772615324260794368 3234 0
772581559778025472 1635 6296
772193107915964416 1326 5831
772152991789019136 1090 3695
772117678702071809 707 3644
772114945936949249 454 2651
772102971039580160 899 3880
771908950375665664 1806 6348
771770456517009408 3239 11619
771500966810099713 2502 8014
771380798096281600 4839 10182
771171053431250945 7120 0
771136648247640064 2798 8858
771102124360998913 1374 6032
771014301343748096 1588 6673
770787852854652928 1151 4788
770772759874076672 1360 5031
770655142660169732 1716 7128
770414278348247044 2001 6124
770293558247038976 1403 6012
770093767776997377 2913 0
770069151037685760 2191 7344
769940425801170949 9134 30179
769695466921623552 1610 6217
769335591808995329 7394 0
769212283578875904 1646 5217
768970937022709760 6213 13811
768909767477751808 2550 0
768855141948723200 854 4048
768609597686943744 1138 3977
768596291618299904 1225 4873
768554158521745409 5560 0
768473857036525572 3271 13158
768193404517830656 3376 10516
767884188863397888 1311 4594
767754930266464257 5138 15461
767500508068192258 2237 7262
767191397493538821 3601 11874
767122157629476866 2737 9842
766864461642756096 5353 0
766793450729734144 1305 4877
766714921925144576 361 2524
766693177336135680 762 3891
766423258543644672 1508 5799
766313316352462849 1800 6543
766078092750233600 2504 0
766069199026450432 811 4077
766008592277377025 476 3628
765719909049503744 2068 6999
765669560888528897 1182 5008
765395769549590528 3239 25801
765371061932261376 2075 6846
765222098633691136 3234 11238
764857477905154048 1703 6244
764259802650378240 1437 5804
763956972077010945 51 743
763837565564780549 3955 12110
763183847194451968 1408 5184
763167063695355904 2863 0
763103485927849985 2200 7121
762699858130116608 3441 11702
762471784394268675 6115 10837
762464539388485633 3976 9943
762316489655476224 1064 4623
762035686371364864 14802 30672
761976711479193600 1902 5221
761750502866649088 3725 0
761745352076779520 827 4137
761672994376806400 27708 47613
761599872357261312 1132 3985
761371037149827077 17249 0
761334018830917632 1388 4993
761292947749015552 1042 4329
761227390836215808 1500 5154
761004547850530816 3329 10957
760893934457552897 925 3682
760656994973933572 1814 6355
760641137271070720 1229 4818
760539183865880579 3461 7299
760521673607086080 1329 4053
760290219849637889 10939 25816
760252756032651264 825 3801
760190180481531904 1711 5499
760153949710192640 30 0
759943073749200896 1986 5727
759923798737051648 5353 14140
759846353224826880 1880 6491
759793422261743616 1819 5748
759557299618865152 1143 4514
759447681597108224 2354 8187
759446261539934208 466 1610
759197388317847553 1852 5865
759159934323924993 1106 0
759099523532779520 3952 13997
759047813560868866 1910 6242
758854675097526272 865 3418
758828659922702336 3673 10802
758740312047005698 1543 5526
758474966123810816 946 3661
758467244762497024 2104 4617
758405701903519748 1822 5017
758355060040593408 1007 3249
758099635764359168 9488 18299
758041019896193024 352 2603
757741869644341248 3116 6605
757729163776290825 7503 0
757725642876129280 1154 4376
757611664640446465 1040 4406
757597904299253760 286 0
757596066325864448 1003 4187
757400162377592832 6520 14548
757393109802180609 1647 5592
757354760399941633 1348 4341
756998049151549440 1896 6041
756939218950160384 1906 6393
756651752796094464 1236 4852
756526248105566208 3416 9996
756303284449767430 1050 3793
756288534030475264 16866 42412
756275833623502848 1456 6137
755955933503782912 2724 7020
755206590534418437 5080 15796
755110668769038337 10565 20375
754874841593970688 7522 0
754856583969079297 2380 6644
754747087846248448 496 2489
754482103782404096 1856 5084
754449512966619136 695 3604
754120377874386944 2239 7586
753655901052166144 2067 5616
753420520834629632 3372 7574
753398408988139520 1811 5521
753375668877008896 2215 7343
753298634498793472 5400 0
753294487569522689 990 3226
753039830821511168 19851 35635
753026973505581056 908 3769
752932432744185856 6517 12124
752917284578922496 1487 6684
752701944171524096 2721 0
752682090207055872 1510 5784
752660715232722944 1481 4199
752568224206688256 2166 5281
752519690950500352 3269 7071
752334515931054080 1044 3676
752309394570878976 15394 0
752173152931807232 1738 5721
751950017322246144 866 2942
751937170840121344 1243 4972
751830394383790080 1851 5584
751793661361422336 2734 5570
751598357617971201 2909 7643
751583847268179968 1043 4218
751538714308972544 1189 4849
751456908746354688 951 3090
751251247299190784 5569 12043
751205363882532864 1721 6068
751132876104687617 1224 4856
750868782890057730 1291 4592
750719632563142656 4760 12640
750506206503038976 1086 4260
750429297815552001 4058 12651
750383411068534784 1082 4376
750381685133418496 27 670
750147208377409536 910 2996
750132105863102464 1223 3480
750117059602808832 1246 4175
750101899009982464 800 2929
750086836815486976 508 2087
750071704093859840 3144 7478
750056684286914561 854 3044
750041628174217216 581 3048
750026558547456000 742 2609
750011400160841729 857 3101
749996283729883136 775 2929
749981277374128128 2351 4907
749774190421639168 1260 4487
749417653287129088 1555 5868
749403093750648834 502 2503
749395845976588288 3267 8210
749317047558017024 2119 5250
749075273010798592 1957 5520
749064354620928000 1455 4607
749036806121881602 752 2971
748977405889503236 3224 10315
748932637671223296 2138 5559
748705597323898880 908 2668
748699167502000129 1506 4550
748692773788876800 1264 4057
748575535303884801 1883 5821
748568946752774144 638 2113
748346686624440324 1164 5005
748337862848962560 3888 7282
748324050481647620 716 3542
748307329658011649 676 3540
748220828303695873 7363 13541
747963614829678593 2026 5550
747933425676525569 2419 6337
747885874273214464 916 2803
747844099428986880 707 2708
747816857231626240 1106 4626
747651430853525504 147 1313
747648653817413632 5520 12342
747600769478692864 535 2236
747594051852075008 985 3522
747512671126323200 1523 5283
747461612269887489 992 3709
747439450712596480 1808 5187
747242308580548608 2742 0
747219827526344708 1482 5029
747204161125646336 862 3217
747103485104099331 3751 9141
746906459439529985 278 2785
746872823977771008 2020 5744
746818907684614144 1657 5098
746790600704425984 1519 4662
746757706116112384 3696 9137
746726898085036033 1699 5795
746542875601690625 1796 4826
746521445350707200 932 0
746507379341139972 1032 4464
746369468511756288 1543 5947
746131877086527488 2071 6586
746056683365994496 769 3415
745789745784041472 1000 3818
745712589599014916 2196 6699
745433870967832576 2397 6751
745422732645535745 2284 8178
745314880350101504 2591 6833
745074613265149952 3298 7499
745057283344719872 2121 6936
744995568523612160 581 2836
744971049620602880 2526 7523
744709971296780288 1485 5364
744334592493166593 1990 6478
744234799360020481 73286 148901
744223424764059648 339 1572
743980027717509120 1039 3991
743895849529389061 913 3496
743835915802583040 1953 0
743609206067040256 1314 4279
743595368194129920 6156 17491
743545585370791937 890 3377
743510151680958465 3523 7597
743253157753532416 1152 4050
743222593470234624 1810 5921
743210557239623680 1286 3667
742534281772302336 3385 6742
742528092657332225 1852 4219
742465774154047488 3716 6930
742423170473463808 3532 9387
742385895052087300 1856 6490
742161199639494656 1284 4104
742150209887731712 1458 4855
741793263812808706 1418 4335
741743634094141440 2591 7785
741438259667034112 771 3516
741303864243200000 3029 8375
741099773336379392 5211 9521
741067306818797568 2913 9104
740995100998766593 2561 6038
740711788199743490 894 3237
740699697422163968 736 2715
740676976021798912 6443 17320
740373189193256964 12552 33445
740365076218183684 402 2332
740359016048689152 811 3126
740214038584557568 1850 6367
739979191639244800 5560 19030
739932936087216128 1017 3867
739844404073074688 809 3618
739623569819336705 1281 3592
739606147276148736 1557 5143
739544079319588864 19966 37531
739485634323156992 2737 6784
739238157791694849 54670 110221
738891149612572673 6 100
738885046782832640 1077 3589
738883359779196928 742 3128
738537504001953792 1446 4846
738402415918125056 772 3100
738184450748633089 1147 4104
738166403467907072 3135 8321
738156290900254721 608 2373
737826014890496000 1661 5009
737800304142471168 3268 9536
737678689543020544 1242 4782
737445876994609152 4201 9747
737322739594330112 761 3427
737310737551491075 6978 13948
736736130620620800 1615 4027
736392552031657984 6897 16844
736365877722001409 1163 3784
736225175608430592 2634 7722
736010884653420544 2784 7491
735991953473572864 1073 3404
735648611367784448 1045 3846
735635087207878657 2213 5854
735274964362878976 4719 12412
735256018284875776 830 3171
735137028879360001 918 2974
734912297295085568 496 2619
734787690684657664 5947 11925
734776360183431168 504 2389
734559631394082816 372 1418
733828123016450049 739 3399
733822306246479872 966 3501
733482008106668032 889 2967
733460102733135873 1180 3975
733109485275860992 16076 50818
732732193018155009 502 2312
732726085725589504 830 3386
732585889486888962 736 3470
732375214819057664 2355 7696
732005617171337216 5049 14120
731285275100512256 939 3334
731156023742988288 1186 3642
730924654643314689 1866 5850
730573383004487680 1999 4621
730427201120833536 977 3315
730211855403241472 994 3615
730196704625098752 1760 4578
729854734790754305 1047 3834
729838605770891264 355 1642
729823566028484608 1169 3772
729463711119904772 2168 5482
729113531270991872 300 1783
728986383096946689 766 2983
728760639972315136 1599 4421
728751179681943552 639 2626
728653952833728512 980 3147
728409960103686147 1882 4654
728387165835677696 903 3534
728046963732717569 1128 4070
728035342121635841 1565 4311
728015554473250816 1033 3921
727685679342333952 599 2824
727644517743104000 1646 5567
727524757080539137 1139 4241
727314416056803329 702 3171
727286334147182592 772 2911
727175381690781696 1297 3710
727155742655025152 1242 3432
726935089318363137 2295 6529
726887082820554753 1421 3650
726828223124897792 947 3398
726224900189511680 1076 4206
725842289046749185 2504 6744
725786712245440512 1290 3966
725729321944506368 1665 4945
725458796924002305 574 1347
724983749226668032 1220 3547
724771698126512129 591 2219
724405726123311104 1567 5019
724049859469295616 1675 4106
724046343203856385 521 2529
724004602748780546 1442 3962
723912936180330496 1160 3703
723688335806480385 2738 7265
723673163800948736 836 2874
723179728551723008 1756 5028
722974582966214656 1473 3888
722613351520608256 1543 4736
721503162398597120 1710 4371
721001180231503872 576 2405
720785406564900865 723 2941
720775346191278080 610 2338
720415127506415616 1410 3932
720389942216527872 2345 6048
720340705894408192 915 2718
720059472081784833 1053 3665
720043174954147842 1884 4694
719991154352222208 1634 4607
719704490224398336 1338 4315
719551379208073216 1785 4791
719367763014393856 708 2665
719339463458033665 1156 4234
719332531645071360 893 3273
718971898235854848 1012 3298
718939241951195136 1641 4981
718631497683582976 7515 17900
718613305783398402 450 2322
718540630683709445 953 2311
718460005985447936 492 2563
718454725339934721 1419 4613
718246886998687744 460 1816
718234618122661888 934 3673
717841801130979328 561 2332
717790033953034240 1025 2713
717537687239008257 1732 5493
717428917016076293 423 1536
717421804990701568 780 2988
717047459982213120 1803 5965
717009362452090881 901 3076
716802964044845056 1094 4084
716791146589110272 1489 7848
716730379797970944 409 1170
716447146686459905 5513 12412
716439118184652801 198 2271
716285507865542656 989 2640
716080869887381504 1787 6448
715928423106027520 829 3030
715758151270801409 1345 3526
715733265223708672 1589 4445
715704790270025728 535 2640
715696743237730304 1215 3727
715680795826982913 1496 4081
715360349751484417 1473 5203
715342466308784130 645 2894
715220193576927233 612 2300
715200624753819648 1756 4903
715009755312439296 1151 3945
714982300363173890 971 3541
714962719905021952 3991 6983
714957620017307648 1323 3944
714631576617938945 934 3112
714606013974974464 868 3458
714485234495041536 1062 2530
714258258790387713 688 2890
714251586676113411 785 3116
714214115368108032 825 2175
714141408463036416 1324 4105
713919462244790272 746 3132
713909862279876608 512 1803
713900603437621249 687 2702
713761197720473600 1283 4621
713411074226274305 1227 4221
713177543487135744 2693 6858
713175907180089344 1382 4229
712809025985978368 6311 18111
712717840512598017 4659 11705
712668654853337088 1134 3948
712438159032893441 1471 5053
712309440758808576 25 223
712097430750289920 970 3591
712092745624633345 840 2799
712085617388212225 462 3110
712065007010385924 587 2141
711998809858043904 122 0
711968124745228288 2168 7639
711743778164514816 939 2708
711732680602345472 3826 8359
711694788429553666 17249 31188
711652651650457602 854 3669
711363825979756544 1067 3437
711306686208872448 700 3141
711008018775851008 578 2846
710997087345876993 1306 4359
710844581445812225 645 2423
710833117892898816 502 2556
710658690886586372 530 2206
710609963652087808 2249 4561
710588934686908417 1756 4311
710296729921429505 694 2261
710283270106132480 494 2061
710272297844797440 1183 4297
710269109699739648 1053 2279
710153181850935296 844 2770
710140971284037632 835 2607
710117014656950272 1862 5187
709918798883774466 1021 3331
709901256215666688 97 635
709852847387627521 1133 3332
709566166965075968 1125 3365
709556954897764353 1007 3122
709519240576036864 225 1431
709449600415961088 538 2099
709409458133323776 642 2518
709225125749587968 539 2285
709207347839836162 5413 11863
709198395643068416 609 2340
709179584944730112 631 1915
709158332880297985 384 1941
709042156699303936 1535 4490
708853462201716736 620 1714
708845821941387268 839 2827
708834316713893888 475 1605
708810915978854401 6499 15678
708738143638450176 769 2624
708711088997666817 671 2406
708479650088034305 643 2419
708469915515297792 764 2952
708400866336894977 9450 15132
708356463048204288 1249 3405
708349470027751425 701 2247
708149363256774660 1464 4104
708130923141795840 804 3212
708119489313951744 922 2557
708109389455101952 526 1865
708026248782585858 1814 4187
707995814724026368 1060 2974
707983188426153984 2 49
707969809498152960 904 2558
707776935007539200 903 3122
707741517457260545 577 2370
707738799544082433 2299 3881
707693576495472641 942 3225
707629649552134146 818 2442
707610948723478529 5963 16155
707420581654872064 660 2145
707411934438625280 566 2193
707387676719185920 1198 3330
707377100785885184 1017 3103
707315916783140866 598 2359
707297311098011648 737 2658
707059547140169728 635 2473
707038192327901184 743 2082
707021089608753152 1274 3893
707014260413456384 562 2206
706904523814649856 7394 13869
706901761596989440 545 1945
706681918348251136 917 3140
706644897839910912 1028 2441
706593038911545345 596 2056
706538006853918722 1351 3317
706516534877929472 971 2975
706346369204748288 869 3280
706310011488698368 7421 20221
706291001778950144 450 1629
706265994973601792 875 2603
706169069255446529 2083 3714
706166467411222528 1513 4902
706153300320784384 361 1409
705975130514706432 685 2955
705970349788291072 837 3028
705898680587526145 519 2268
705786532653883392 486 1843
705591895322394625 1078 3010
705475953783398401 861 2832
705442520700944385 1511 4196
705428427625635840 1575 3625
705239209544720384 709 2854
705223444686888960 751 2461
705102439679201280 488 2039
705066031337840642 572 2083
704871453724954624 1056 4067
704859558691414016 498 2149
704847917308362754 1424 4835
704819833553219584 920 2517
704761120771465216 2742 6328
704499785726889984 943 2768
704491224099647488 74 714
704480331685040129 1011 3237
704364645503647744 3341 7596
704347321748819968 328 1501
704134088924532736 429 1435
704113298707505153 541 1775
704054845121142784 867 2786
703774238772166656 421 1765
703769065844768768 1073 3110
703631701117943808 631 2443
703611486317502464 1440 3666
703425003149250560 1274 3609
703407252292673536 650 2324
703382836347330562 1075 3331
703356393781329922 363 1826
703268521220972544 512 1892
703079050210877440 2907 7034
703041949650034688 11714 25076
702932127499816960 679 2462
702899151802126337 422 1525
702684942141153280 1000 3083
702671118226825216 529 2083
702598099714314240 3236 11653
702539513671897089 907 2749
702332542343577600 1454 3015
702321140488925184 989 3131
702276748847800320 725 2345
702217446468493312 1269 4553
701981390485725185 926 3279
701952816642965504 972 3661
701889187134500865 1304 3365
701805642395348998 1576 3249
701601587219795968 429 2000
701570477911896070 877 2682
701545186879471618 577 2540
701214700881756160 4810 11624
700890391244103680 534 2118
700864154249383937 591 2476
700847567345688576 471 2345
700796979434098688 888 2325
700747788515020802 8754 21685
700518061187723268 752 2486
700505138482569216 544 2177
700462010979500032 1688 3922
700167517596164096 686 2506
700151421916807169 637 2138
700143752053182464 2550 7166
700062718104104960 646 2518
700029284593901568 548 1979
700002074055016451 1261 3145
699801817392291840 891 2885
699788877217865730 485 2133
699779630832685056 1165 2596
699775878809702401 572 1869
699691744225525762 4329 9767
699446877801091073 2481 5684
699434518667751424 484 2075
699423671849451520 304 1294
699413908797464576 592 1987
699370870310113280 410 1804
699323444782047232 816 2999
699088579889332224 590 2153
699079609774645248 609 2334
699072405256409088 1122 2814
699060279947165696 1695 3559
699036661657767936 1137 2487
698989035503689728 915 3171
698953797952008193 857 2553
698907974262222848 580 2406
698710712454139905 639 2353
698703483621523456 350 1377
698635131305795584 323 1232
698549713696649216 587 2217
698355670425473025 418 1759
698342080612007937 908 2150
698262614669991936 1875 4549
698195409219559425 5631 15992
698178924120031232 699 2684
697995514407682048 320 1449
697990423684476929 1214 3124
697943111201378304 640 2276
697881462549430272 1096 2877
697630435728322560 516 1656
697616773278015490 949 2983
697596423848730625 1186 2871
697575480820686848 478 1945
697516214579523584 1043 1941
697482927769255936 632 2316
697463031882764288 1321 3264
697270446429966336 1775 4494
697259378236399616 943 3138
697255105972801536 1095 2923
697242256848379904 638 2415
696900204696625153 975 3016
696894894812565505 643 2235
696886256886657024 1687 4608
696877980375769088 668 2336
696754882863349760 337 1411
696744641916489729 877 1962
696713835009417216 612 2255
696518437233913856 1631 3737
696490539101908992 134 1158
696488710901260288 966 2392
696405997980676096 1090 3049
696100768806522880 615 1840
695816827381944320 1081 2867
695794761660297217 730 3015
695767669421768709 694 1766
695629776980148225 1968 4342
695446424020918272 1714 4208
695409464418041856 3383 8266
695314793360662529 1357 3445
695095422348574720 578 2528
695074328191332352 1032 2697
695064344191721472 549 1524
695051054296211456 748 2522
694925794720792577 863 2574
694905863685980160 880 2622
694669722378485760 13520 34093
694356675654983680 269 1433
694352839993344000 571 1938
694342028726001664 456 1512
694329668942569472 472 1900
694206574471057408 1923 3956
694183373896572928 877 2803
694001791655137281 966 3246
693993230313091072 381 1796
693942351086120961 344 1668
693647888581312512 550 2560
693644216740769793 118 1293
693642232151285760 395 2430
693629975228977152 751 2339
693622659251335168 353 1466
693590843962331137 1848 4812
693582294167244802 235 1572
693486665285931008 595 1689
693280720173801472 1172 3194
693267061318012928 764 2269
693262851218264065 467 2097
693231807727280129 698 2746
693155686491000832 3017 7517
693109034023534592 573 1628
693095443459342336 428 1774
692919143163629568 716 2560
692905862751522816 824 2314
692901601640583168 567 1669
692894228850999298 744 2153
692828166163931137 837 2742
692752401762250755 3432 6494
692568918515392513 1457 4148
692535307825213440 1281 3004
692530551048294401 387 1756
692423280028966913 210 1405
692417313023332352 3255 8919
692187005137076224 774 2413
692158366030913536 748 2041
692142790915014657 366 1565
692041934689402880 1185 3236
692017291282812928 898 2758
691820333922455552 1552 3783
691793053716221953 3981 7743
691756958957883396 928 2696
691675652215414786 476 1860
691483041324204033 526 2280
691459709405118465 1070 3854
691444869282295808 792 2508
691416866452082688 7191 18428
691321916024623104 622 2462
691096613310316544 832 2846
691090071332753408 318 1646
690989312272396288 2709 5631
690959652130045952 1156 3407
690938899477221376 1826 3892
690932576555528194 952 3124
690735892932222976 1200 3607
690728923253055490 489 2068
690690673629138944 777 2224
690649993829576704 258 1241
690607260360429569 15 287
690597161306841088 573 1855
690400367696297985 426 1803
690374419777196032 798 3093
690360449368465409 831 2529
690348396616552449 482 1423
690248561355657216 392 1604
690021994562220032 970 2668
690015576308211712 689 2373
690005060500217858 1595 3505
689999384604450816 343 1351
689993469801164801 423 1393
689977555533848577 424 1306
689905486972461056 653 2340
689877686181715968 1098 2894
689835978131935233 710 2075
689661964914655233 886 3089
689659372465688576 3628 9868
689623661272240129 605 2116
689599056876867584 5202 11105
689557536375177216 427 1961
689517482558820352 1346 3243
689289219123089408 879 2146
689283819090870273 1039 3106
689280876073582592 665 1883
689275259254616065 233 1094
689255633275777024 1021 2434
689154315265683456 936 2942
689143371370250240 471 1931
688916208532455424 808 2585
688908934925697024 724 2003
688898160958271489 737 1998
688894073864884227 647 2143
688828561667567616 344 1314
688804835492233216 177 915
688789766343622656 627 2116
688547210804498433 659 2469
688519176466644993 687 2219
688385280030670848 4216 8824
688211956440801280 784 2142
688179443353796608 551 2039
688116655151435777 730 2690
688064179421470721 339 1651
687841446767013888 2352 5193
687826841265172480 1054 2614
687818504314159109 901 2373
687807801670897665 677 2269
687732144991551489 622 1675
687704180304273409 791 2317
687664829264453632 483 1848
687494652870668288 545 1814
687480748861947905 226 1528
687476254459715584 502 1888
687460506001633280 509 1966
687399393394311168 580 1807
687317306314240000 8653 19193
687312378585812992 1789 4153
687127927494963200 2127 5165
687124485711986689 476 2090
687109925361856513 2315 5536
687102708889812993 908 2232
687096057537363968 572 2135
686947101016735744 3007 8226
686760001961103360 1308 3349
686749460672679938 1366 3307
686730991906516992 1134 3941
686683045143953408 761 2697
686618349602762752 1283 3527
686606069955735556 511 1804
686394059078897668 652 1656
686386521809772549 830 3104
686377065986265092 533 2115
686358356425093120 621 2070
686286779679375361 1580 3837
686050296934563840 690 2119
686035780142297088 111 1095
686034024800862208 1075 2943
686007916130873345 381 2359
686003207160610816 582 1744
685973236358713344 490 2000
685943807276412928 554 1549
685906723014619143 2686 7119
685681090388975616 116 1944
685667379192414208 528 2243
685663452032069632 1381 3064
685641971164143616 721 2773
685547936038666240 14660 31343
685532292383666176 1090 2894
685325112850124800 3725 8970
685321586178670592 594 2522
685315239903100929 978 3131
685307451701334016 413 1982
685268753634967552 1127 2949
685198997565345792 625 2226
685169283572338688 1340 3915
684969860808454144 344 2272
684959798585110529 2940 6468
684940049151070208 978 3050
684926975086034944 441 3338
684914660081053696 1371 3340
684902183876321280 494 1785
684880619965411328 758 1994
684830982659280897 20447 33347
684800227459624960 940 2596
684594889858887680 3294 8470
684588130326986752 1331 3917
684567543613382656 1139 2860
684538444857667585 893 2518
684481074559381504 1111 3696
684460069371654144 524 1882
684241637099323392 3079 7721
684225744407494656 193 1184
684222868335505415 1283 3642
684200372118904832 985 2051
684195085588783105 476 1817
684188786104872960 1093 3336
684177701129875456 620 1923
684147889187209216 1432 2842
684122891630342144 442 1910
684097758874210310 1347 3923
683857920510050305 1054 3629
683852578183077888 328 1855
683849932751646720 893 2485
683834909291606017 1060 2506
683828599284170753 1000 2677
683773439333797890 1265 3185
683742671509258241 3128 6144
683515932363329536 2721 6988
683498322573824003 916 3023
683481228088049664 946 2543
683462770029932544 639 2311
683449695444799489 1506 3684
683391852557561860 2256 7276
683357973142474752 857 2758
683142553609318400 983 2735
683111407806746624 856 3240
683098815881154561 614 2073
683078886620553216 536 1905
683030066213818368 701 2060
682962037429899265 15435 34902
682808988178739200 158 1689
682788441537560576 1051 2362
682750546109968385 410 1444
682697186228989953 343 1256
682662431982772225 1022 2908
682638830361513985 559 1968
682429480204398592 1082 3273
682406705142087680 1653 7198
682393905736888321 623 2134
682389078323662849 443 1591
682303737705140231 916 2915
682259524040966145 1118 3937
682242692827447297 1078 3074
682088079302213632 9240 17310
682059653698686977 1580 4687
682047327939461121 879 3044
682032003584274432 1873 6244
682003177596559360 1422 2965
681981167097122816 963 2666
681891461017812993 768 2346
681694085539872773 3819 12187
681679526984871937 414 1683
681654059175129088 849 2497
681610798867845120 438 1805
681579835668455424 1220 3361
681523177663676416 5400 13548
681340665377193984 256 1563
681339448655802368 3835 8832
681320187870711809 694 2512
681302363064414209 1706 3733
681297372102656000 889 3059
681281657291280384 1031 3074
681261549936340994 250 1384
681242418453299201 492 1414
681231109724700672 458 2299
681193455364796417 1387 3517
680970795137544192 613 2291
680959110691590145 1878 4365
680940246314430465 973 3031
680934982542561280 408 1985
680913438424612864 581 2294
680889648562991104 346 1679
680836378243002368 1246 3285
680805554198020098 626 2049
680801747103793152 767 2259
680798457301471234 969 2697
680609293079592961 652 2500
680583894916304897 1243 3439
680497766108381184 1799 4011
680494726643068929 456 1632
680473011644985345 708 2415
680440374763077632 469 1380
680221482581123072 279 1417
680206703334408192 1096 2692
680191257256136705 470 2049
680176173301628928 1452 3692
680161097740095489 695 2217
680145970311643136 1634 3437
680130881361686529 884 2183
680115823365742593 856 2580
680100725817409536 1296 3425
680085611152338944 8467 12168
680070545539371008 807 2460
679877062409191424 606 1879
679872969355714560 623 2092
679862121895714818 579 2335
679854723806179328 1155 2714
679844490799091713 711 2260
679828447187857408 13113 34298
679777920601223168 1030 2953
679736210798047232 743 1985
679729593985699840 780 2058
679722016581222400 442 1583
679530280114372609 1953 4520
679527802031484928 680 2502
679511351870550016 1180 3183
679503373272485890 1371 3005
679475951516934144 603 1990
679462823135686656 17583 29805
679405845277462528 1119 2249
679158373988876288 7522 20068
679148763231985668 965 2642
679132435750195208 1080 2812
679111216690831360 2422 5620
679062614270468097 7503 16005
679047485189439488 612 2128
679001094530465792 1142 2696
678991772295516161 1073 2149
678969228704284672 423 1548
678800283649069056 844 2429
678798276842360832 1078 3255
678774928607469569 845 2651
678767140346941444 1268 3324
678764513869611008 435 1535
678755239630127104 3047 6690
678740035362037760 1554 3527
678708137298427904 2270 5294
678675843183484930 1363 2691
678643457146150913 375 1937
678446151570427904 1434 3774
678424312106393600 2374 5155
678410210315247616 1676 3964
678399652199309312 29620 75692
678396796259975168 390 1501
678389028614488064 392 1758
678380236862578688 844 2297
678341075375947776 500 1627
678334497360859136 231 1223
678278586130948096 5695 10774
678255464182861824 343 1497
678023323247357953 351 1798
678021115718029313 5863 12801
677961670166224897 1580 3225
677918531514703872 380 1256
677895101218201600 1923 4537
677716515794329600 910 2865
677700003327029250 1339 3203
677698403548192770 298 1158
677687604918272002 787 2347
677673981332312066 1397 3136
677662372920729601 883 1837
677644091929329666 753 1754
677573743309385728 640 2001
677565715327688705 427 1226
677557565589463040 1071 2299
677547928504967168 3427 6511
677530072887205888 212 999
677335745548390400 1619 2861
677334615166730240 262 1268
677331501395156992 217 1024
677328882937298944 1406 3446
677314812125323265 491 1555
677301033169788928 369 1154
677269281705472000 657 1854
677228873407442944 1519 3334
677187300187611136 845 2564
676975532580409345 989 2606
676957860086095872 754 2097
676949632774234114 366 1231
676948236477857792 801 2023
676946864479084545 340 1630
676942428000112642 692 1942
676936541936185344 4597 11973
676916996760600576 1687 2787
676897532954456065 673 2112
676864501615042560 653 1963
676821958043033607 14340 21433
676819651066732545 615 1710
676811746707918848 398 1350
676776431406465024 1877 4685
676617503762681856 886 2707
676613908052996102 184 1020
676606785097199616 404 1787
676603393314578432 355 1087
676593408224403456 1986 4273
676590572941893632 115 866
676588346097852417 725 2157
676582956622721024 253 1111
676575501977128964 1037 2410
676533798876651520 514 1758
676496375194980353 494 1426
676470639084101634 4343 10891
676440007570247681 614 1615
676430933382295552 316 1308
676263575653122048 502 1960
676237365392908289 259 1130
676219687039057920 28675 71627
676215927814406144 531 1627
676191832485810177 956 2120
676146341966438401 618 1806
676121918416756736 1078 2023
676101918813499392 1083 2652
676098748976615425 1300 2782
676089483918516224 406 1229
675898130735476737 523 1506
675891555769696257 788 1987
675888385639251968 874 2208
675878199931371520 1297 3893
675870721063669760 520 1520
675853064436391936 1185 2515
675849018447167488 130 886
675845657354215424 806 2121
675822767435051008 494 1418
675820929667219457 221 981
675798442703122432 3161 9602
675781562965868544 430 1501
675740360753160193 311 1099
675710890956750848 755 1750
675707330206547968 628 1840
675706639471788032 88 606
675534494439489536 376 1720
675531475945709568 349 1104
675522403582218240 260 968
675517828909424640 428 1202
675501075957489664 5402 16025
675497103322386432 1185 2912
675489971617296384 547 1193
675483430902214656 893 1711
675432746517426176 528 1407
675372240448454658 479 1570
675362609739206656 205 982
675354435921575936 15394 30273
675349384339542016 2084 3650
675334060156301312 1185 2572
675166823650848770 1439 3289
675153376133427200 2351 5787
675149409102012420 1560 3456
675147105808306176 212 869
675146535592706048 266 1094
675145476954566656 819 1979
675135153782571009 430 1208
675113801096802304 714 1801
675111688094527488 224 887
675109292475830276 1035 2600
675047298674663426 292 976
675015141583413248 1087 2503
675006312288268288 206 902
675003128568291329 428 1438
674999807681908736 1010 2071
674805413498527744 329 789
674800520222154752 780 2783
674793399141146624 999 2310
674790488185167872 228 1022
674788554665512960 189 743
674781762103414784 1091 1855
674774481756377088 431 1016
674767892831932416 716 1680
674764817387900928 210 724
674754018082705410 401 1263
674752233200820224 420 1355
674743008475090944 496 1294
674742531037511680 46 443
674739953134403584 348 1008
674737130913071104 81 599
674690135443775488 433 1058
674670581682434048 593 1499
674664755118911488 217 842
674646392044941312 443 1322
674644256330530816 255 961
674638615994089473 537 1553
674632714662858753 523 1386
674606911342424069 90 861
674468880899788800 1856 5760
674447403907457024 325 982
674436901579923456 357 1025
674422304705744896 492 1330
674416750885273600 125 636
674410619106390016 420 1110
674394782723014656 518 1389
674372068062928900 289 791
674330906434379776 69 528
674318007229923329 470 1302
674307341513269249 6296 10498
674291837063053312 5338 13610
674271431610523648 669 1441
674269164442398721 209 845
674265582246694913 767 1511
674262580978937856 411 1220
674255168825880576 492 1345
674082852460433408 149 707
674075285688614912 257 920
674063288070742018 1980 5901
674053186244734976 1179 3050
674051556661161984 448 1343
674045139690631169 583 1303
674042553264685056 115 663
674038233588723717 383 1016
674036086168010753 185 790
674024893172875264 1119 1641
674019345211760640 274 1051
674014384960745472 581 1443
674008982932058114 319 1116
673956914389192708 874 1812
673919437611909120 337 1089
673906403526995968 1500 2942
673887867907739649 231 872
673716320723169284 690 2859
673715861853720576 1874 3256
673711475735838725 273 963
673709992831262724 242 778
673708611235921920 261 990
673707060090052608 357 1024
673705679337693185 369 1165
673700254269775872 519 1327
673697980713705472 1759 3644
673689733134946305 593 1608
673688752737402881 450 1167
673686845050527744 392 1328
673680198160809984 425 1266
673662677122719744 339 1162
673656262056419329 211 671
673636718965334016 331 1025
673612854080196609 652 1477
673583129559498752 325 1106
673580926094458881 250 769
673576835670777856 508 1273
673363615379013632 275 957
673359818736984064 613 1333
673355879178194945 519 1391
673352124999274496 487 1540
673350198937153538 192 704
673345638550134785 1152 2310
673343217010679808 245 894
673342308415348736 515 1178
673320132811366400 7120 12381
673317986296586240 227 815
673295268553605120 2863 6947
673270968295534593 328 989
673240798075449344 641 1314
673213039743795200 760 2049
673148804208660480 568 1551
672997845381865473 646 1818
672995267319328768 266 870
672988786805112832 264 903
672984142909456390 499 1157
672980819271634944 921 1674
672975131468300288 816 1547
672970152493887488 324 873
672968025906282496 494 1226
672964561327235073 584 1300
672902681409806336 447 1272
672898206762672129 381 832
672884426393653248 765 1420
672877615439593473 323 946
672834301050937345 521 1203
672828477930868736 441 1142
672640509974827008 286 907
672622327801233409 436 1189
672614745925664768 529 1119
672609152938721280 352 1010
672604026190569472 359 1012
672594978741354496 553 1223
672591762242805761 301 875
672591271085670400 171 663
672538107540070400 329 934
672523490734551040 151 573
672488522314567680 396 1028
672482722825261057 543 1032
672481316919734272 119 666
672475084225949696 637 1334
672466075045466113 474 1242
672272411274932228 3057 5920
672267570918129665 556 1361
672264251789176834 305 1042
672256522047614977 1382 2600
672254177670729728 677 1317
672248013293752320 541 1592
672245253877968896 141 625
672239279297454080 290 831
672231046314901505 916 1677
672222792075620352 189 723
672205392827572224 1038 2065
672169685991993344 332 940
672160042234327040 319 804
672139350159835138 629 1600
672125275208069120 1033 2187
672095186491711488 336 913
672082170312290304 332 866
672068090318987265 464 1182
671896809300709376 3795 7829
671891728106971137 510 1206
671882082306625538 1262 3215
671879137494245376 604 1298
671874878652489728 501 1150
671866342182637568 441 1037
671855973984772097 392 825
671789708968640512 3131 6527
671768281401958400 449 1093
671763349865160704 815 1540
671744970634719232 695 1249
671743150407421952 214 693
671735591348891648 680 1328
671729906628341761 3944 7799
671561002136281088 6560 11757
671550332464455680 190 839
671547767500775424 529 1244
671544874165002241 937 1797
671542985629241344 508 996
671538301157904385 348 856
671536543010570240 368 1081
671533943490011136 523 929
671528761649688577 232 774
671520732782923777 478 1274
671518598289059840 268 865
671511350426865664 632 1464
671504605491109889 3251 6447
671497587707535361 412 852
671488513339211776 434 918
671486386088865792 179 527
671485057807351808 212 701
671390180817915904 676 1316
671362598324076544 271 1022
671357843010908160 141 365
671355857343524864 110 445
671347597085433856 384 872
671186162933985280 189 662
671182547775299584 303 1015
671166507850801152 312 801
671163268581498880 1001 1502
671159727754231808 72 324
671154572044468225 199 651
671151324042559489 138 607
671147085991960577 200 607
671141549288370177 594 1060
671138694582165504 365 845
671134062904504320 171 675
671122204919246848 2278 3186
671115716440031232 704 1253
671109016219725825 394 1052
670995969505435648 262 1009
670842764863651840 7840 22719
670840546554966016 173 535
670838202509447168 619 1016
670833812859932673 113 398
670832455012716544 194 667
670826280409919488 3648 5052
670823764196741120 168 707
670822709593571328 88 556
670815497391357952 1387 2891
670811965569282048 242 1033
670807719151067136 445 1078
670804601705242624 861 1799
670803562457407488 81 312
670797304698376195 211 679
670792680469889025 244 757
670789397210615808 217 608
670786190031921152 182 550
670783437142401025 348 762
670782429121134593 695 1410
670780561024270336 262 725
670778058496974848 65 306
670764103623966721 387 998
670755717859713024 95 402
670733412878163972 463 884
670727704916926465 325 766
670717338665226240 436 1094
670704688707301377 336 712
670691627984359425 218 536
670679630144274432 254 686
670676092097810432 37 224
670668383499735048 4496 9790
670474236058800128 669 1386
670468609693655041 80 328
670465786746662913 493 892
670452855871037440 184 505
670449342516494336 584 1105
670444955656130560 1794 6222
670442337873600512 182 593
670435821946826752 461 973
670434127938719744 583 1299
670433248821026816 103 304
670428280563085312 553 1283
670427002554466305 146 481
670421925039075328 576 1198
670420569653809152 280 563
670417414769758208 295 525
670411370698022913 810 1852
670408998013820928 198 505
670403879788544000 137 391
670385711116361728 186 515
670374371102445568 247 687
670361874861563904 59 301
670338931251150849 101 397
670319130621435904 1106 3587
670303360680108032 118 402
670290420111441920 259 638
670093938074779648 298 944
670086499208155136 226 637
670079681849372674 1103 2031
670073503555706880 706 1424
670069087419133954 215 569
670061506722140161 299 689
670055038660800512 293 609
670046952931721218 159 593
670040295598354432 101 689
670037189829525505 249 540
670003130994700288 83 302
669993076832759809 74 297
669972011175813120 139 409
669970042633789440 50 278
669942763794931712 143 460
669926384437997569 87 349
669923323644657664 53 211
669753178989142016 359 733
669749430875258880 60 235
669684865554620416 79 462
669683899023405056 98 348
669682095984410625 123 321
669680153564442624 260 611
669661792646373376 385 742
669625907762618368 1634 3228
669603084620980224 332 881
669597912108789760 138 467
669583744538451968 840 1369
669573570759163904 126 401
669571471778410496 919 1460
669567591774625800 47 213
669564461267722241 108 357
669393256313184256 66 324
669375718304980992 652 1216
669371483794317312 158 450
669367896104181761 138 419
669363888236994561 207 572
669359674819481600 110 341
669354382627049472 1148 2476
669353438988365824 236 577
669351434509529089 166 399
669328503091937280 381 931
669327207240699904 112 524
669324657376567296 191 451
669216679721873412 365 1092
669214165781868544 143 396
669203728096960512 421 921
669037058363662336 281 598
669015743032369152 335 674
669006782128353280 219 529
669000397445533696 5724 19217
668994913074286592 203 398
668992363537309700 307 674
668989615043424256 301 615
668988183816871936 412 826
668986018524233728 147 500
668981893510119424 273 495
668979806671884288 312 725
668975677807423489 524 1192
668967877119254528 21 130
668960084974809088 222 641
668955713004314625 65 249
668932921458302977 53 233
668902994700836864 91 290
668892474547511297 133 368
668872652652679168 274 487
668852170888998912 145 417
668826086256599040 119 392
668815180734689280 234 512
668779399630725120 338 654
668655139528511488 198 484
668645506898350081 475 807
668643542311546881 467 807
668641109086707712 488 978
668636665813057536 449 947
668633411083464705 1438 2556
668631377374486528 290 652
668627278264475648 100 288
668625577880875008 115 348
668623201287675904 676 1296
668620235289837568 36 187
668614819948453888 286 564
668587383441514497 969 1537
668567822092664832 49 218
668544745690562560 204 467
668542336805281792 190 416
668537837512433665 63 233
668528771708952576 198 424
668507509523615744 94 297
668496999348633600 118 372
668484198282485761 214 382
668480044826800133 131 415
668466899341221888 462 807
668297328638447616 269 572
668291999406125056 29 221
668286279830867968 124 459
668274247790391296 210 751
668268907921326080 211 504
668256321989451776 539 1188
668248472370458624 422 869
668237644992782336 2541 5647
668226093875376128 90 264
668221241640230912 178 467
668204964695683073 177 511
668190681446379520 180 595
668171859951755264 168 443
668154635664932864 283 458
668142349051129856 254 529
668113020489474048 214 613
667937095915278337 722 1140
667924896115245057 98 272
667915453470232577 50 192
667911425562669056 261 447
667902449697558528 348 787
667886921285246976 962 1708
667885044254572545 420 754
667878741721415682 106 361
667873844930215936 367 574
667866724293877760 932 2791
667861340749471744 74 227
667832474953625600 57 266
667806454573760512 445 965
667801013445750784 84 294
667793409583771648 302 634
667782464991965184 222 376
667773195014021121 47 212
667766675769573376 198 391
667728196545200128 135 339
667724302356258817 284 440
667550904950915073 29 0
667550882905632768 26 0
667549055577362432 2027 5266
667546741521195010 115 312
667544320556335104 479 785
667538891197542400 59 186
667534815156183040 472 743
667530908589760512 218 429
667524857454854144 1009 1551
667517642048163840 175 340
667509364010450944 1916 6246
667502640335572993 201 499
667495797102141441 239 477
667491009379606528 200 471
667470559035432960 88 231
667455448082227200 56 176
667453023279554560 80 288
667443425659232256 519 704
667437278097252352 213 411
667435689202614272 79 280
667405339315146752 202 427
667393430834667520 51 177
667369227918143488 150 335
667211855547486208 219 445
667200525029539841 236 567
667192066997374976 88 344
667188689915760640 349 667
667182792070062081 5481 12983
667177989038297088 50 175
667176164155375616 407 551
667174963120574464 70 225
667171260800061440 73 198
667165590075940865 1015 2446
667160273090932737 55 230
667152164079423490 15100 43521
667138269671505920 1953 4139
667119796878725120 117 299
667090893657276420 111 301
667073648344346624 106 364
667070482143944705 13 74
667065535570550784 40 150
667062181243039745 47 200
667044094246576128 44 171
667012601033924608 195 409
666996132027977728 80 221
666983947667116034 872 2319
666837028449972224 488 734
666835007768551424 70 189
666826780179869698 81 231
666817836334096384 224 461
666804364988780544 79 211
666786068205871104 429 680
666781792255496192 171 347
666776908487630848 152 314
666739327293083650 60 213
666701168228331520 193 386
666691418707132416 43 168
666649482315059201 556 1012
666644823164719104 73 215
666454714377183233 189 459
666447344410484738 19 93
666437273139982337 41 108
666435652385423360 44 144
666430724426358785 171 285
666428276349472768 67 145
666421158376562688 95 286
666418789513326592 39 109
666411507551481857 280 385
666407126856765440 30 98
666396247373291520 72 151
666373753744588802 75 166
666362758909284353 486 682
666353288456101888 62 189
666345417576210432 128 258
666337882303524864 80 171
666293911632134144 304 445
666287406224695296 57 128
666273097616637952 69 155
666268910803644416 32 91
666104133288665088 5670 13003
666102155909144576 11 68
666099513787052032 56 139
666094000022159362 65 149
666082916733198337 41 99
666073100786774016 138 278
666071193221509120 52 133
666063827256086533 185 421
666058600524156928 49 103
666057090499244032 116 260
666055525042405380 205 390
666051853826850816 734 1073
666050758794694657 51 119
666049248165822465 37 92
666044226329800704 119 255
666033412701032449 38 105
666029285002620928 41 117
666020888022790149 439 2328
